%YAML:1.0
---
armor_height: 4.2439915814364790e-314
armor_width: 6.9530625420595988e-310
gray_thre_min: 44
gray_thre_max: 189
gray_max_w: 4
gray_avg_w: 8
len_min: 400
len_max: 900
light_radio_min: 2
light_radio_max: 15
light_area_min: 10000
light_area_max: 36000
area_ratio_max: 1800
len_ratio_max: 100
area_radio_min: 3.0000001192092896e-01
area_radio_max: 9.9387001991271973e-01
area_len_radio_min: 6.0000002384185791e-01
area_len_radio_max: 6.4000000953674316e+00
corners_size_min: 5
slope_offset: 35
color_th: 87
hu_dist_min: 1.0000000000000001e-05
hu_dist_max: 0.
avg_board_gray_threshold: 14
avg_board_grad_threshold: 74
grad_threshold: 11
delta_height_max: 3.5166999697685242e-01
delta_angle_max: 19
delta_w_radio_min: 8.8030003011226654e-02
delta_w_radio_max: 5.5251798629760742e+00
delta_h_max: 9.3514001369476318e-01
delta_size_max: 4.4047999382019043e-01
pidStruct-pitch_p: 210
pidStruct-pitch_i: 2345
pidStruct-pitch_d: 6986
pidStruct-pitch_division: 15
pidStruct-yaw_p: 252
pidStruct-yaw_i: 2115
pidStruct-yaw_d: 4646
pidStruct-yaw_division: 5
